23
66
98
265
313
358
796
949
975
1008
1168
1213
1534
1553
1623
1654
1661
1697
1829
1843
1892
1930
2146
2377
2379
2478
2718
2932
2976
3004
3253
3313
3501
3522
3582
3642
3672
3840
4021
4074
4242
4276
4336
4538
4658
4663
4672
4761
4957
5028
5038
5088
5137
5167
5218
5293
5425
5689
5787
5966
5968
6001
6077
6358
6398
6463
6490
6506
6614
6685
6694
6884
6957
6980
6996
7030
7043
7273
7274
7357
7374
7397
7424
7517
7569
7926
7932
8045
8079
8127
8275
8458
8475
8624
8633
8638
8888
8893
8930
9053
9123
9128
9161
9191
9276
9321
9327
9471
9539
9544
9628
10030
10091
10175
10336
10366
10406
10624
10850
10884
10989
11144
11180
11187
11303
11375
11387
11464
11534
11690
11733
11816
11834
11930
12012
12110
12337
12449
12467
12495
12547
12830
13073
13207
13309
13318
13335
13358
13372
13665
13740
13893
13979
14052
14322
14384
14576
14580
14806
14908
15035
15142
15157
15408
15511
15579
15689
16111
16137
16181
16375
16668
16707
16736
16773
16842
17083
17108
17170
17182
17190
17263
17264
17362
17542
17607
17619
17633
17685
17711
17929
17947
18100
18157
18161
18227
18309
18348
18352
18369
18488
18603
18653
18672
18849
19023
19200
19272
19440
19448
19571
19659
19848
19978
20057
20133
20187
20506
20613
20690
20708
20794
20909
21104
21105
21184
21237
21256
21395
21395
21592
21708
21747
21773
21820
21970
22201
22233
22276
22287
22306
22425
22474
22615
23147
23264
23360
23419
23449
23507
23594
23651
23826
24194
24220
24355
24438
25036
25135
25142
25247
25367
25463
25532
25693
25875
26099
26176
26280
26337
26351
26372
26406
26650
26693
26944
26976
27005
27005
27017
27111
27116
27255
27310
27412
27487
27568
27590
27615
27633
27887
27982
28068
28410
28429
28524
28538
28561
28561
28789
28886
28898
29026
29260
29285
29294
29316
29329
29362
29363
29395
29472
29492
29568
29578
29740
29870
29887
29892
30082
30218
30225
30300
30666
30945
30984
30994
31031
31144
31199
31387
31492
31514
31521
31827
31882
31939
31966
31977
32191
32217
32273
32285
32433
32648
32743
32873
32922
32983
32986
33248
33333
33377
33524
33976
33988
34099
34436
34598
34675
34892
34929
35111
35261
35272
35356
35581
35759
35853
35939
36096
36329
36666
36691
36814
37308
37324
37437
37443
37690
37796
37800
37845
37910
38041
38041
38249
38284
38290
38309
38663
39171
39253
39462
39469
39478
39601
39766
39897
39994
40046
40264
40321
40337
40499
40530
40615
41035
41144
41254
41333
41474
41599
41621
41645
41677
41680
41843
41932
41947
42092
42092
42234
42344
42446
42493
42514
42516
42560
42697
42834
43093
43216
43281
43303
43318
43367
43370
43412
43472
43513
43556
43950
43971
44466
44482
44511
44519
44609
44654
45215
45355
45470
45506
45774
45925
45940
46065
46397
46404
46409
46604
46609
46769
46801
46824
46842
46882
47030
47122
47136
47137
47285
47470
47600
47616
47700
47895
47993
47996
48061
48083
48112
48215
48319
48447
48469
48484
48497
48832
48835
49006
49028
49054
49064
49410
49532
49620
49630
49647
49679
49853
50096
50132
50198
50474
50476
50666
50680
50827
50854
50974
51041
51090
51143
51269
51274
51361
51633
52083
52093
52131
52199
52387
52397
52436
52800
52860
52889
53088
53209
53447
53513
53513
53612
53706
53735
53737
53796
53871
53967
54033
54073
54153
54206
54218
54238
54278
54480
54837
54937
55077
55090
55108
55371
55641
55771
55774
55819
55897
55897
55925
55945
56051
56343
56369
56417
56481
56503
56603
56956
57108
57151
57469
57473
57527
57688
57835
57985
58534
58585
58590
58656
59433
59459
59462
59867
60074
60106
60272
60320
60895
60898
60899
60932
60934
61033
61155
61695
62145
62311
62363
62401
62412
62563
62754
62857
62996
63078
63096
63193
63205
63450
63679
63708
63857
63861
64150
64157
64205
64235
64826
64983
65046
65205
65492
65632
65639
65811
65855
65945
65954
66026
66193
66315
66351
66467
66523
66555
66690
66997
67042
67388
67412
67430
67466
67517
67779
67868
68028
68094
68105
68222
68249
68259
68359
68410
68598
68731
68824
68863
68987
69192
69229
69261
69269
69432
69450
69558
69624
69630
69658
69707
69732
69769
69852
69899
69967
69992
70108
70184
70208
70226
70319
70348
70368
70443
70738
70805
70812
70881
70885
70991
71089
71161
71163
71235
71256
71294
71578
71609
71803
71862
72018
72067
72280
72326
72347
72364
72399
72447
72521
72673
72784
73075
73114
73121
73180
73292
73311
73587
73747
73754
73765
73897
73910
74020
74133
74223
74302
74382
74632
74662
74713
74979
75100
75128
75187
75407
75427
75470
75828
76003
76410
76465
76521
76539
76599
76617
76625
76653
76761
77017
77198
77268
77331
77331
77345
77395
77405
77406
77649
77665
77751
77864
78025
78155
78161
78276
78381
78393
78424
78465
78471
78541
78544
78616
78663
78690
78762
78837
78892
79039
79094
79339
79510
79654
79657
79691
79906
79913
79942
80168
80270
80392
80575
80700
81015
81077
81094
81295
81340
81408
81626
81666
81735
81810
82148
82150
82261
82331
82358
82422
82578
82580
82612
82969
83038
83188
83340
83343
83576
83587
83699
83739
83780
83816
83874
83937
83971
83976
84054
84121
84127
84273
84359
84423
84478
84697
84701
84882
85040
85204
85431
85445
85453
85468
85475
85667
85737
85835
85864
85912
86047
86084
86199
86241
86386
86529
86862
86902
86912
87020
87053
87073
87317
87486
87618
87704
87729
87752
87923
88065
88206
88290
88424
88480
88524
88627
88666
88764
88830
88950
89233
89417
89682
89972
90014
90024
90059
90161
90187
90259
90285
90325
90407
90711
90771
91073
91171
91253
91390
91444
91485
91539
91672
91693
91750
91851
91918
92101
92206
92212
92262
92306
92376
92417
92427
92713
92758
92859
92897
93110
93211
93387
93414
93487
93555
93604
93615
93795
94030
94318
94467
94694
94785
94801
94851
95558
95919
95943
95977
96026
96053
96174
96183
96239
96350
96428
96543
96613
96741
96817
96936
97018
97066
97098
97236
97278
97328
97554
97566
97590
97705
97728
97950
97973
97981
98006
98011
98127
98149
98157
98338
98363
98649
98892
98952
99053
99115
99210
99253
99275
99319
99420
99496
99516
99541
99586
99659
99669
99678
99865
99865
99991
100063
100071
100097
100125
100488
100585
100840
100871
100874
100971
101388
101459
101527
101541
101583
101617
101678
101964
101995
102067
102082
102574
102605
102691
102726
102742
102860
102970
103086
103110
103144
103407
103602
103761
103872
103916
103938
104060
104064
104168
104195
104558
104698
104779
104897
104930
105052
105069
105159
105189
105191
105232
105473
105516
105575
105629
105748
105832
105855
105938
105973
106016
106181
106207
106275
106280
106357
106440
106472
106572
106675
106723
106818
106949
106982
107042
107082
107091
107210
107244
107273
107293
107297
107536
107630
107659
107712
107902
107953
108127
108376
108424
108602
108776
108950
109027
109194
109314
109486
109602
109743
109776
109891
109955
110094
110744
110751
110771
110839
111047
111156
111506
111522
111591
111613
111619
111860
112014
112103
112108
112231
112285
112325
112367
112660
112766
112880
112911
112959
113034
113103
113211
113319
113377
113511
113511
113595
113613
113691
113695
113784
113829
113889
113914
114034
114103
114145
114254
114432
114450
114535
114588
114593
114886
115014
115048
115112
115141
115235
115300
115650
115772
115797
115980
116073
116121
116197
116225
116381
116421
116678
116685
116744
116746
116803
116816
116841
116942
117374
117649
117759
117778
117913
117919
118015
118025
118057
118352
118531
118560
118640
118729
118782
118792
118810
118868
119025
119105
119139
119223
119442
119471
119498
119607
119682
119736
119956
120040
120188
120308
120370
120433
120563
120582
120665
120722
120724
120763
120769
120842
121185
121334
121384
121916
121917
122043
122062
122098
122144
122199
122211
122243
122323
122366
122452
122470
122536
122746
122758
122810
122952
123192
123393
123397
123424
123507
123581
123804
124046
124101
124112
124156
124175
124221
124250
124256
124384
124455
124481
124627
124680
124730
124809
124835
125106
125119
125122
125159
125276
125362
125483
125784
125887
125908
125926
126007
126236
126293
126331
126477
126597
126642
126784
127028
127099
127239
127322
127426
127436
127615
127646
127721
127760
128019
128206
128321
128323
128457
128558
128561
128653
128803
128861
129160
129227
129264
129293
129852
129988
130006
130150
130186
130198
130231
130238
130307
130483
130523
130616
130657
130692
130740
130742
130797
130994
131040
131294
131458
131566
131597
131797
131873
131882
131909
131949
132039
132064
132086
132281
132325
132358
132455
132594
132615
132747
132775
132852
132901
132911
132914
133014
133167
133183
133322
133536
133641
133783
133824
133849
134069
134095
134182
134316
134317
134502
134517
134568
134601
134902
135061
135063
135114
135242
135250
135314
135331
135371
135581
135792
136073
136117
136157
136207
136416
136425
136615
136762
136857
136985
137068
137169
137200
137639
138033
138171
138301
138363
138380
138411
138619
138748
138881
138942
139174
139197
139287
139360
139413
139484
139885
139917
139929
139969
140100
140112
140124
140157
140252
140264
140454
140456
140588
140613
140704
140803
140872
141254
141255
141616
141671
141687
141930
141956
142039
142107
142241
142301
142611
142631
142758
142763
142798
142805
142868
142960
142967
142969
143206
143251
143461
143529
143555
143642
143724
143774
143971
144082
144450
144457
144748
144813
144905
145235
145332
145343
145811
145905
145970
146097
146258
146296
146339
146357
146491
146514
146542
146551
146662
146765
146782
146848
146897
146915
146948
146989
147109
147281
147417
147446
147541
147567
147668
147707
147983
148149
148236
148261
148289
148369
148686
148688
148705
148710
148714
149028
149079
149504
149540
149552
149567
149768
149888
149894
149929
149951
150036
150039
150078
150084
150090
150193
150203
150269
150550
150651
150705
150755
150782
150899
151166
151426
151455
151500
151594
151611
151611
151678
151911
152072
152179
152250
152255
152440
152447
152480
152647
152699
152796
152837
152974
153018
153186
153240
153386
153418
153523
153676
153932
153951
154017
154061
154065
154102
154150
154241
154721
154848
154940
155004
155057
155084
155132
155222
155280
155366
155418
155465
155532
155896
155942
155946
156042
156151
156174
156203
156318
156398
156490
156514
156643
156756
156793
156807
156878
156911
157095
157224
157371
157381
157461
157637
157672
157740
157806
157866
157894
158063
158087
158344
158406
158521
158625
158667
158706
158709
158744
158781
159004
159079
159183
159268
159274
159341
159347
159600
159626
159628
159735
159924
160176
160195
160238
160270
160279
160297
160427
160544
160546
160651
160694
160826
160885
161204
161245
161293
161401
161561
161596
161646
161744
161795
161826
161981
162214
162219
162226
162279
162452
162666
162752
162842
162872
162980
163098
163328
163332
163450
163599
163912
164308
164319
164449
164514
164685
164743
164812
164845
165121
165223
165258
165355
165490
165546
165571
165619
165652
165674
165724
165832
165933
166094
166100
166105
166292
166405
166497
166618
166619
166686
166736
166919
166985
167049
167153
167162
167314
167685
167768
167858
167954
167968
168030
168095
168188
168203
168325
168374
168453
168560
168610
168615
168822
168846
168864
168903
169085
169097
169217
169217
169280
169328
169550
169613
169660
169769
169811
169875
169979
169987
170056
170064
170100
170111
170151
170156
170257
170365
170426
170449
170621
170912
170998
170999
171039
171308
171399
171457
171751
171811
171957
171966
172132
172476
172543
172622
172833
173000
173224
173519
173574
173791
173795
173848
174105
174118
174181
174194
174411
174472
174600
174664
174746
174772
174864
174914
174965
174988
174994
175055
175076
175077
175093
175177
175245
175248
175249
175402
175454
175541
175700
175988
176057
176124
176225
176411
176531
176610
176688
176872
176972
177004
177279
177324
177744
177882
177945
177986
178133
178155
178165
178203
178225
178448
178476
178509
178630
178765
178970
178970
178972
178977
179014
179192
179227
179531
179768
179778
179823
179840
179967
180222
180501
180556
180582
180664
180762
180829
180855
180885
180978
180991
181039
181123
181327
181332
181494
181858
181951
182124
182222
182278
182290
182314
182383
182576
182726
182936
182944
182956
183116
183268
183335
183357
183562
183582
183632
183890
184059
184238
184257
184261
184359
184482
184603
184616
184659
184711
184745
184780
184825
184876
184932
185133
185184
185210
185241
185293
185293
185408
185414
185469
185484
185534
185659
185699
185720
185811
185831
185863
185949
185950
186038
186216
186244
186287
186376
186473
186492
186519
186721
186857
186937
187044
187092
187560
187695
187730
188017
188084
188098
188119
188289
188548
188623
188713
188821
189191
189305
189316
189500
189558
189593
189822
189838
189869
189938
190026
190099
190313
190382
190451
190601
190654
190749
190757
190971
191398
191437
191438
191446
191480
191488
191519
191632
191879
191906
191913
191956
192331
192347
192485
192581
192587
192652
192688
192726
192821
192989
193028
193066
193287
193307
193351
193391
193425
193632
193676
193690
193719
193748
193847
193947
194034
194092
194584
194735
194804
194833
194935
194971
195105
195155
195322
195394
195414
195447
195462
195613
195655
195767
195817
195939
196018
196037
196116
196124
196149
196291
196331
196355
196481
196546
196576
196588
196606
197008
197015
197029
197042
197072
197241
197433
197499
197681
197790
197831
197892
197941
197966
198074
198103
198222
198322
198574
198675
198769
198920
198965
199026
199094
199270
199280
199310
199347
199352
199378
199461
199494
199946
200078
200454
200616
200642
200740
200874
201021
201154
201222
201246
201330
201608
201671
201985
202098
202121
202176
202330
202374
202472
202586
202657
202663
202708
202862
202968
202995
203061
203112
203227
203239
203302
203336
203338
203432
203470
203690
203873
203892
203965
204174
204192
204243
204469
204671
204818
204882
204964
205117
205337
205351
205377
205496
205514
205522
205528
205594
205619
205645
205739
206033
206078
206535
206608
207017
207064
207174
207190
207208
207227
207409
207425
207431
207434
207584
207688
207688
207818
208035
208163
208178
208185
208228
208234
208447
208464
208518
208543
208583
208661
208745
208793
208874
209062
209120
209132
209181
209231
209237
209389
209398
209400
209514
209537
209571
209580
209620
209643
209840
209929
209951
209999
210046
210500
210812
210840
210911
210969
211044
211138
211166
211232
211268
211362
211409
211425
211512
211855
211881
212128
212130
212364
212541
212598
212671
212727
212876
213223
213270
213430
213660
213769
213908
214375
214396
214403
214442
214510
214534
214600
214677
214739
214885
214911
215240
215364
215446
215600
215819
215852
215869
215917
216047
216078
216181
216282
216359
216437
216483
216563
216646
216702
216862
216936
217059
217287
217379
217381
217497
217647
217701
217849
218054
218184
218203
218260
218284
218293
218295
218299
218313
218329
218390
218404
218433
218532
218573
218959
218972
219009
219080
219168
219237
219311
219462
219483
219516
219677
219860
219865
220088
220089
220109
220110
220172
220220
220235
220356
220444
220478
220578
220769
220856
220893
220897
220925
221084
221144
221283
221350
221436
221472
221653
221968
222027
222283
222350
222481
222618
222685
222746
222913
222951
222961
223031
223032
223073
223170
223173
223278
223282
223376
223507
223517
223565
223590
223654
224048
224149
224206
224339
224382
224418
224436
224484
224536
224665
224702
224921
224976
225066
225117
225128
225217
225355
225460
225461
225533
225539
225636
225656
225928
225971
226018
226043
226085
226105
226118
226179
226388
226466
226553
226566
226609
226680
226788
226826
226978
227018
227042
227113
227137
227151
227244
227334
227618
227675
227886
227954
228113
228177
228208
228246
228308
228466
228670
228837
228867
228887
229204
229245
229283
229292
229460
229714
229767
230139
230195
230200
230216
230235
230343
230388
230414
230503
230564
230638
230643
231071
231321
231366
231436
231521
231634
231754
231938
232129
232181
232428
232621
232644
232658
232684
232787
232980
233036
233076
233231
233283
233507
233530
233652
233727
233832
233914
234272
234538
234548
234691
234726
234770
234992
235000
235022
235180
235250
235271
235408
235727
235821
236261
236322
236376
236383
236504
236624
236664
236671
236746
236848
236894
236917
236950
236956
237538
237547
237803
237816
237831
237835
237884
237943
238059
238171
238309
238506
238637
238667
238716
238768
238796
238967
239053
239219
239259
239434
239685
239841
240049
240144
240371
240383
240526
240622
240819
240845
240873
240886
240922
241081
241256
241268
241340
241453
241457
241602
241633
241679
241747
241963
241976
242127
242206
242279
242510
242523
242676
242685
242837
242907
243125
243281
243388
243522
243661
243852
243880
244327
244457
244470
244690
245096
245335
245421
245569
245687
245703
245706
245833
245946
245985
246244
246272
246542
246737
246885
246888
246952
247035
247085
247215
247421
247787
247891
247923
247995
248050
248082
248184
248199
248308
248350
248361
248498
248619
248690
248788
249047
249093
249383
249448
249460
249499
249587
249596
249858
249950
250069
250319
250815
250831
251500
251668
251743
251931
251982
252273
252313
252375
252481
252587
252646
252714
253127
253245
253358
253573
253785
253823
253850
253889
253902
253973
254077
254089
254093
254097
254166
254187
254301
254441
254635
254670
254722
254745
254846
254912
255191
255205
255232
255348
255363
255615
255619
255672
255738
255811
255816
255854
255870
256234
256305
256385
256541
256700
256715
256729
256795
256928
256938
257022
257087
257147
257279
257320
257494
257667
257713
257714
257929
258169
258199
258204
258311
258435
258581
258601
258661
258721
258741
258828
258830
258877
258991
259318
259647
259650
259863
259898
259992
260053
260136
260157
260176
260401
260644
260720
260753
260787
260964
261256
261433
261526
261559
261920
261985
261993
262095
262156
262215
262271
262286
262351
262466
262470
262476
262517
262670
263367
263415
263504
263542
263559
263585
263741
263800
263854
263894
263968
264008
264136
264226
264441
264620
264673
264740
264922
265069
265199
265456
265516
265615
265690
265819
266028
266129
266220
266310
266369
266520
266539
266685
266702
266775
266805
266825
266903
266905
267039
267194
267228
267477
267540
267559
267742
267935
267962
267974
268033
268079
268117
268204
268313
268348
268541
268659
268679
268731
268913
268946
268962
269177
269254
269300
269368
269536
269544
269650
269700
269897
270004
270050
270264
270556
270605
270834
270944
271003
271179
271215
271332
271454
271662
271752
271825
271878
272137
272235
272302
272317
272352
272386
272387
272646
272781
273027
273373
273423
273519
273595
273614
273687
273750
273879
274024
274533
274565
274571
274598
274851
275069
275209
275638
275664
275794
275894
275915
275916
276062
276369
276496
276584
276811
276824
276874
276897
276901
277076
277208
277222
277351
277397
277411
277550
277679
277699
277728
278050
278080
278147
278180
278342
278365
278644
278764
278875
278933
278950
279016
279265
279378
279387
279410
279594
279614
279737
279796
279872
280171
280343
280427
280559
280577
280646
280901
280909
281039
281286
281498
281507
281794
282100
282110
282145
282344
282393
282482
282500
282705
282839
282997
283208
283214
283275
283300
283438
283458
283465
283640
283640
283742
283778
283991
284174
284422
284515
284654
284697
284869
284874
284907
285015
285065
285110
285293
285455
285617
285632
285681
285973
286032
286123
286170
286279
286787
286828
286845
286982
287025
287243
287263
287421
287441
287448
287594
287662
287718
287720
287726
287749
287869
287946
288228
288332
288349
288431
288495
288502
288881
288887
289066
289143
289209
289222
289413
289422
289458
289459
289480
289648
289688
289749
289788
289916
290110
290161
290255
290387
290442
290535
290597
290694
290695
290709
290709
290898
290902
291238
291297
291313
291437
291491
291506
291550
291553
291652
291659
292001
292006
292353
292418
292574
292620
292641
292689
292775
292803
292844
292933
292962
292989
293060
293423
293875
293924
294060
294085
294099
294141
294218
294272
294298
294517
294535
294727
294858
295029
295074
295143
295149
295239
295265
295384
295504
295624
295726
295781
295957
295988
295999
296083
296440
296762
296787
296850
296906
296993
297010
297044
297095
297101
297394
297528
297546
297548
297764
297777
297880
297991
298163
298171
298466
298568
298607
298786
298928
298937
298946
299117
299494
299568
299698
299872
299992
300088
300167
300250
300304
300490
300650
300849
301154
301274
301321
301381
301539
301808
301920
301926
302044
302055
302069
302076
302158
302178
302295
302380
302447
302617
302729
302733
302835
302856
302917
302991
303111
303215
303231
303332
303569
303571
303933
303980
304059
304220
304354
304405
304491
304645
304724
304862
304923
304993
305001
305206
305284
305403
305420
305430
305495
305564
305858
305870
305945
306078
306099
306232
306270
306634
306694
306743
306751
306767
306955
307058
307133
307202
307277
307387
307401
307411
307471
307537
307803
307940
307987
308081
308094
308125
308184
308248
308288
308343
308389
308424
308678
308727
308738
309120
309204
309256
309306
309484
309586
309727
310009
310143
310194
310271
310678
310732
310745
310839
310977
311074
311167
311208
311283
311457
311473
311597
311636
311636
311819
312142
312164
312395
312555
313098
313261
313262
313396
313470
313853
313882
313886
313905
313932
314129
314162
314203
314263
314354
314422
314511
314548
314576
314611
314617
314622
314644
314707
314717
314725
314739
314757
314766
314858
314881
314896
315073
315146
315216
315224
315244
315261
315300
315421
315537
315665
315760
315871
315876
315927
315941
315952
316055
316057
316258
316363
316370
316431
316433
316511
316588
316631
316650
316881
316947
316994
317232
317272
317285
317458
317558
317603
317648
317672
317813
317883
318145
318210
318257
318547
318567
318656
318676
318780
318803
318814
318891
319055
319196
319254
319275
319395
319425
319452
319478
319488
319661
319743
319747
319843
319932
320038
320055
320057
320543
320555
320768
320889
321146
321153
321173
321261
321342
321365
321388
321414
321542
321618
321742
321981
322309
322393
322480
322533
322537
322636
322666
322670
322813
322881
322917
322942
322975
322980
323057
323171
323185
323312
323330
323661
323731
323844
323873
323961
324193
324307
324579
324679
324708
324889
324916
324949
325000
325001
325345
325372
325378
325452
325487
325569
325627
325689
325776
325907
326055
326163
326260
326388
326507
326565
326576
326602
326655
326786
326995
327099
327161
327227
327329
327330
327414
327546
327569
327598
327676
327690
327794
327871
328027
328050
328076
328192
328197
328242
328632
328858
329199
329203
329298
329317
329318
329336
329422
329529
329537
329639
329835
329901
329912
330065
330379
330489
330626
330657
330675
330887
330937
331193
331219
331768
331839
331973
332035
332079
332096
332174
332177
332179
332211
332246
332300
332337
332456
332701
332834
332877
333063
333111
333202
333209
333251
333276
333400
333439
333462
333467
333522
333652
333763
334041
334158
334204
334206
334321
334426
334492
335078
335106
335149
335220
335234
335446
335471
335868
335988
336267
336402
336447
336474
336518
336575
336635
336665
336789
336826
336885
336948
337039
337285
337295
337405
337668
337670
337739
337845
338363
338404
338462
338689
339006
339085
339132
339227
339243
339550
339584
339585
339869
339915
339963
340231
340255
340269
340282
340397
340507
340601
340684
340999
341009
341170
341497
341540
341583
341672
341849
341852
341925
342063
342081
342100
342114
342179
342286
342338
342636
342744
342837
342951
342976
343239
343284
343290
343723
343756
343775
343783
343906
344107
344127
344252
344361
344545
344623
344686
345011
345110
345151
345553
345620
345731
345755
345828
345847
346024
346124
346176
346249
346263
346308
346495
346631
346656
346739
346804
346809
346820
346841
347007
347130
347154
347171
347244
347428
347520
347575
347580
347597
347788
347837
347850
347905
347975
348029
348042
348055
348349
348371
348498
348572
348637
348688
348747
348770
348864
348897
348957
348964
349073
349336
349446
349664
349727
349899
349929
349959
349969
350207
350529
350532
350616
350807
350834
350886
350899
350971
351111
351204
351231
351372
351385
351430
351441
351461
351557
351582
351583
351592
351804
351806
352137
352260
352454
352491
352502
352514
352739
352833
352842
352885
352945
353206
353208
353217
353292
353355
353576
353625
353627
353769
353774
353796
353856
353887
353984
354103
354197
354449
354483
354605
354631
354638
354715
354725
354810
354848
354864
354928
355031
355230
355318
355323
355388
355417
355466
355649
355726
355760
355776
356286
356405
356514
356565
356583
356686
356797
356843
356990
357351
357367
357440
357573
357760
358121
358178
358249
358281
358347
358924
358936
359015
359218
359416
359423
359466
359490
359650
359683
359785
359974
360017
360028
360208
360389
360512
360584
360650
360651
360792
360951
360970
361053
361314
361355
361546
361566
361660
361702
361770
361812
361815
361860
362003
362156
362306
362344
362420
362553
362641
362749
362869
363060
363145
363334
363395
363416
363458
363712
363722
363745
363818
363830
363956
363963
364000
364199
364224
364257
364352
364420
364424
364454
364534
364553
364598
364606
364711
364915
364918
365007
365239
365593
365796
365891
365941
366016
366033
366125
366177
366283
366402
366463
366487
366993
366998
367180
367682
367770
367952
368255
368260
368317
368421
368531
368640
368795
369013
369047
369168
369363
369547
369704
369781
369792
369884
369990
370090
370261
370294
370514
370569
370615
370714
370862
370910
370958
371094
371213
371302
371322
371501
371569
371585
371774
371839
371947
372058
372126
372148
372223
372277
372384
372404
372583
372665
372723
372895
372977
373415
373440
373507
373508
373525
373625
373762
373770
373980
374051
374071
374092
374184
374274
374425
374609
374823
374866
374891
374954
375047
375102
375283
375290
375306
375315
375427
375466
375760
375807
375811
375972
376335
376354
376486
376726
376750
376785
376929
376935
377233
377339
377404
377502
377575
377595
377638
377788
377843
378165
378244
378389
378625
378700
378802
378829
378850
378860
378955
379011
379078
379101
379218
379327
379335
379461
379479
379484
379690
379817
379932
379937
380027
380121
380228
380378
380543
380862
380891
380979
381226
381242
381340
381519
381522
381607
381684
381690
381754
381839
381998
382248
382784
382840
382879
382913
383076
383084
383273
383432
383691
383765
383844
383852
383921
384106
384110
384334
384338
384499
384579
384639
384765
385013
385148
385212
385268
385484
385547
385709
385718
385755
385757
385839
385882
385932
386086
386277
386411
386560
386654
386816
386865
386876
387067
387096
387174
387180
387396
387470
387679
387692
387793
387912
387916
387921
387960
388016
388094
388229
388236
388396
388723
388847
388915
388960
388990
389041
389159
389170
389246
389295
389337
389381
389481
389662
389690
389761
389784
389807
389818
389865
390154
390214
390237
390293
390326
390353
390507
390612
390643
390958
390971
390984
391034
391221
391227
391232
391281
391410
391469
391776
391787
392032
392459
392479
392561
392727
392797
393044
393047
393054
393117
393119
393356
393366
393573
393608
393657
393766
394092
394339
394377
394485
394629
394703
394898
394994
395266
395290
395908
395977
396095
396100
396216
396221
396321
396346
396392
396395
396497
396571
397042
397146
397160
397251
397475
397735
397767
397780
398176
398280
398481
398510
398697
398765
398797
399002
399166
399282
399441
399473
399757
399816
399890
399990
400082
400183
400479
400565
400659
400676
400687
400759
400882
401085
401244
401423
401747
401790
402003
402008
402112
402340
402501
402539
402592
402734
402806
402826
402857
402937
403002
403076
403079
403110
403180
403408
403593
403607
403628
403644
403646
403663
403803
404215
404227
404232
404350
404509
404779
405052
405053
405161
405288
405717
405755
405929
406090
406093
406165
406182
406285
406450
406476
406506
406598
406611
406646
406674
406829
406877
407012
407074
407122
407173
407210
407216
407343
407508
407519
407554
407599
407666
407871
407902
408055
408160
408347
408382
408510
408593
408665
408776
409891
409914
410245
410245
410359
410387
410412
410421
410451
410484
410962
411108
411188
411200
411309
411469
411591
411597
411687
411696
411747
411870
412098
412161
412373
412377
412378
412449
412680
412789
412812
412856
413056
413091
413102
413148
413210
413505
413548
413705
413740
413885
413891
413952
414025
414088
414242
414550
414723
415030
415046
415078
415136
415303
415479
415496
415589
415796
415816
415884
415961
415976
415987
416035
416200
416353
416577
416583
416765
416837
416875
416991
417105
417202
417209
417371
417440
417599
417606
417658
417787
417843
418269
418712
418927
418930
419329
419356
419602
419607
419684
419728
419881
419970
420297
420423
420514
420525
420612
420629
420904
420962
421037
421050
421057
421240
421447
421485
421889
421951
422043
422045
422065
422202
422236
422254
422259
422280
422710
422733
422965
423023
423046
423185
423290
423522
423577
424007
424312
424351
424388
424391
424585
424683
424691
424697
424893
425047
425293
425572
425633
425731
425759
426052
426119
426188
426360
426454
426511
426640
426856
427070
427280
427450
427636
427775
428003
428031
428192
428200
428353
428390
428419
428524
428621
428727
428771
428829
428831
428854
428855
429080
429273
429339
429597
429718
429840
430013
430346
430444
430540
430612
430786
430787
430859
431059
431291
431548
431630
431678
431868
431884
432044
432128
432148
432245
432263
432307
432412
432488
432635
432933
433260
433317
433483
433916
434143
434147
434213
434315
434615
434844
434846
434992
435243
435248
435481
435624
435764
435823
436062
436142
436160
436323
436392
436485
436490
436555
436723
436743
436925
437156
437195
437249
437286
437321
437384
437392
437443
437510
437606
437687
437907
437963
438025
438036
438076
438077
438229
438289
438392
438508
438535
438645
438855
438969
438972
439042
439045
439046
439301
439303
439393
439422
439523
439537
439549
439552
439706
439711
439859
439866
440121
440122
440129
440274
440275
440557
440744
440846
441043
441123
441232
441343
441500
441520
441565
441578
441755
441800
441811
441850
441935
442194
442216
442339
442368
442397
442523
442605
442642
442642
442807
442882
443036
443107
443144
443179
443224
443259
443282
443573
443679
443849
443997
444126
444178
444194
444205
444281
444316
444394
444471
444521
444702
444758
444991
445200
445382
445711
445728
445763
445764
445811
445823
445898
445906
445918
445922
446120
446429
446572
446583
446606
446743
446931
447271
447297
447352
447543
447551
447575
447587
447717
447772
447788
447841
448042
448089
448311
448321
448335
448389
448474
448561
448568
448578
448594
448681
448847
448849
448933
449112
449138
449362
449438
449466
449544
449629
449635
449675
449678
449731
449759
449956
450210
450265
450330
450334
450749
451326
451423
451463
451568
451914
452140
452177
452197
452201
452227
452242
452273
452300
452326
452443
452618
452771
452921
452943
452977
453038
453238
453288
453308
453328
453353
453381
453503
453597
453717
453851
453907
454133
454222
454258
454296
454444
454513
454561
454608
454616
454620
454668
454684
454745
454920
454940
454995
455168
455203
455284
455472
455604
455605
455621
455648
455931
456317
456346
456417
456475
456488
456529
456730
456747
456849
456968
456985
456995
457130
457195
457402
457423
457553
457637
457643
457729
457998
458165
458210
458366
458393
458512
458613
458716
459043
459061
459228
459276
459353
459433
459446
459474
459491
459524
459548
459652
459675
459773
459773
459814
460015
460249
460297
460551
460636
460750
460782
460963
461011
461081
461129
461239
461270
461458
461480
461493
461511
461562
461608
461935
461951
462076
462164
462203
462224
462507
462526
462571
462618
462977
462987
463053
463091
463098
463195
463257
463474
463549
463596
463685
463703
463881
464038
464349
464386
464412
464456
464674
464772
464813
464851
464874
464945
465139
465234
465407
465413
465432
465460
465542
466019
466047
466077
466255
466292
466338
467418
467561
467706
467762
467859
468048
468166
468347
468507
468514
468539
468556
468574
468614
468672
468930
468987
469005
469024
469055
469089
469182
469246
469262
469438
469492
469596
469664
469717
469839
469848
469861
470002
470014
470022
470115
470135
470174
470203
470275
470501
470670
470744
470762
470773
470803
470822
470888
471156
471237
471323
471807
472476
472483
472691
472765
472897
472994
473039
473159
473984
474023
474486
474559
474632
474808
475007
475155
475303
475366
475603
475701
475708
475743
475865
475952
475978
476080
476094
476115
476122
476225
476240
476295
476341
476447
476609
476742
476743
476816
477178
477226
477409
477509
477576
477639
477714
477779
477859
477867
477908
478018
478066
478109
478172
478205
478219
478480
478743
478924
478957
479142
479223
479254
479363
479486
479502
479653
479757
479791
479939
480065
480096
480136
480392
480472
480529
480644
480664
480672
480674
480765
480789
480867
480886
480954
481003
481019
481140
481152
481169
481361
481378
481411
481519
481789
481800
481897
481937
481962
482077
482131
482338
482339
482632
482926
483096
483347
483409
483644
483682
483816
483932
484173
484196
484266
484466
484566
484635
484743
484835
484851
485121
485147
485166
485173
485383
485424
485650
485736
485858
485901
485945
485991
486074
486224
486474
486859
486931
487016
487082
487262
487276
487309
487508
487521
487671
487707
487997
488016
488045
488072
488149
488216
488238
488341
488562
488620
488658
488695
488725
488731
488748
489096
489318
489449
489578
489805
490005
490051
490085
490152
490320
490326
490408
490431
490603
490781
490812
490952
491003
491115
491123
491226
491420
491449
491484
491694
491704
491857
491880
491913
492107
492114
492210
492430
492537
492543
492556
492598
492729
492778
492873
492955
493052
493167
493211
493405
493429
493581
493698
493730
493773
493950
494055
494068
494107
494327
494390
494474
494675
494755
494824
495291
495333
495350
495367
495509
495671
495778
495853
495954
495989
496004
496017
496074
496076
496107
496430
496809
496827
496901
496964
497186
497217
497334
497529
497860
498002
498135
498218
498268
498276
498497
498594
498621
498708
499196
499284
499472
499696
499765
499825
500277
500488
500511
500522
501024
501087
501148
501385
501422
501490
501603
501650
501751
501938
502010
502094
502291
502399
502406
502472
502641
502699
502854
502950
503477
503692
503695
503753
503785
503858
503908
503916
503931
504275
504562
504638
504655
504848
504878
504955
505180
505236
505389
505390
505426
505445
505502
505519
505569
505786
505859
505870
505965
506083
506107
506126
506191
506466
506548
506549
506574
506698
506751
506773
506811
506995
507014
507032
507080
507132
507201
507383
507481
507517
507711
507850
508090
508111
508231
508260
508378
508462
508491
508545
508610
508901
508963
509303
509339
509499
509891
510028
510045
510055
510096
510293
510364
510365
510428
510912
510928
511019
511060
511151
511264
511335
511347
511373
511378
511389
511478
511487
511574
511800
511874
512123
512126
512141
512144
512179
512363
512377
512463
512463
512576
512639
512672
512790
512976
513005
513116
513170
513212
513214
513263
513317
513323
513345
513557
513878
513976
514312
514377
514422
514485
514527
514571
514577
514680
514809
514829
514884
514905
514946
515099
515107
515111
515137
515152
515168
515223
515318
515408
515487
515721
515738
515788
515834
515967
516033
516082
516121
516146
516156
516432
516607
516658
516959
517046
517310
517459
517503
517653
517657
517725
517886
518099
518103
518224
518280
518371
518405
518568
518621
518666
518714
518785
518793
518854
519290
519433
519465
519503
519593
519852
519857
519986
520084
520240
520319
520348
520657
520804
520981
521311
521404
521410
521517
521610
521883
522096
522232
522385
522389
522392
522409
522430
522734
522926
522952
523008
523202
523315
523338
523425
523445
523714
523786
523896
524033
524350
524586
525335
525653
525710
525880
526060
526068
526143
526193
526209
526510
526537
526747
526927
526983
527005
527059
527173
527201
527316
527471
527502
527502
527529
527598
527624
527779
527801
527941
528180
528307
528311
528377
528380
528405
528485
528645
528692
528704
528716
528735
528953
528970
529053
529102
529114
529157
529195
529258
529320
529607
529640
529867
530284
530561
530605
530773
530970
531359
531408
531440
531609
531688
531746
531876
531879
531968
532139
532187
532352
532405
532478
532550
532625
532762
532787
532853
532868
533021
533118
533127
533155
533217
533245
533262
533433
533544
533563
533782
533852
533865
533914
533925
534049
534185
534442
534475
534496
534520
534529
534724
534804
534898
534952
535006
535019
535106
535106
535151
535240
535243
535303
535347
535349
535385
535503
535528
535706
535875
535882
535942
536047
536145
536177
536321
536338
536607
536631
536755
536874
537080
537223
537410
537590
537683
537739
537747
538366
538396
538484
538498
538520
538785
539177
539202
539302
539328
539403
539468
539582
539706
539780
539848
539858
539883
539944
540157
540261
540326
540332
540435
540471
540606
540662
541207
541365
541370
541549
541893
541991
542051
542205
542233
542263
542305
542467
542504
542596
542886
542927
542985
543118
543136
543207
543253
543308
543453
543508
543555
543587
543694
543730
543765
543812
543817
543870
543888
543978
544153
544204
544462
544492
544520
544576
544672
544677
544820
544872
544892
545188
545249
545512
545522
545535
545647
545727
545794
545955
545971
546026
546119
546365
546413
546506
546818
547004
547020
547108
547186
547253
547287
547351
547370
547393
547440
547462
547540
547586
547623
547640
547664
547669
547704
547860
547877
547907
548092
548096
548337
548403
548449
548476
548498
548504
548635
548931
549157
549210
549279
549434
549464
549476
549509
549628
549686
549916
550183
550318
550352
550420
550558
550632
550667
550686
550782
551322
551592
551654
551699
551989
552063
552128
552140
552296
552352
552359
552527
552540
552589
552790
552831
552858
552997
553039
553183
553300
553305
553344
553501
553507
553579
553696
553720
553749
553940
553967
554070
554138
554179
554203
554212
554274
554349
554520
554521
554710
554736
554906
554932
554976
555005
555054
555092
555140
555166
555273
555309
555319
555433
555511
555723
556130
556348
556418
556439
556675
556844
557110
557197
557208
557331
557351
557425
557496
557501
557779
557785
557884
557972
558009
558111
558505
558668
558695
558917
558954
559032
559112
559536
559652
559754
559788
559886
560039
560110
560159
560227
560372
560375
560489
560498
560600
560684
560720
560730
560810
560837
561035
561059
561060
561137
561263
561355
561357
561432
561478
561505
561557
561702
561760
561807
561813
561939
561959
561969
562003
562078
562160
562277
562457
562538
562552
562571
562852
562963
563007
563087
563258
563446
563577
563602
563620
563646
563733
563739
563798
563869
564160
564227
564248
564326
564381
564504
564558
564576
564644
564728
564806
565072
565293
565300
565448
565634
565657
565898
565977
565994
566022
566066
566120
566206
566248
566257
566275
566307
566335
566410
566545
566553
566628
566634
566776
566888
567020
567146
567371
567403
567544
567580
567732
567759
567797
567929
568164
568223
568255
568651
568706
568718
568775
569012
569040
569083
569159
569228
569235
569292
569304
569338
569370
569501
569582
569646
569664
569720
569874
569939
570119
570226
570529
570573
570612
570686
570914
570924
570941
571066
571169
571185
571246
571266
571410
571683
571768
571975
571975
572097
572422
572552
572628
572725
572902
572963
573221
573362
573402
573564
573574
573637
573659
573683
573701
573733
573809
574014
574041
574097
574103
574426
574524
574587
574696
574793
575127
575220
575283
575398
575492
575613
575858
575967
576026
576054
576227
576636
576640
576677
576766
576794
577230
577297
577313
577329
577727
577933
578001
578052
578067
578214
578247
578438
578453
578457
578467
578523
578577
578689
578810
578819
578888
578897
579004
579111
579230
579419
579539
579656
579693
579830
579881
580073
580370
580619
580818
580828
580847
580891
581079
581097
581162
581227
581234
581392
581578
581589
581633
581962
581982
582128
582217
582295
582462
582500
582544
582635
582667
582682
582970
583018
583079
583094
583418
583482
583531
583581
584101
584286
584333
584474
584574
584765
584875
584988
585172
585196
585236
585238
585449
585663
585844
585900
586001
586010
586144
586158
586213
586287
586292
586351
586503
586504
586543
586655
586671
586678
586767
587103
587148
587176
587233
587332
587399
587609
587629
587642
587768
587834
587994
588103
588406
588516
588870
588977
589008
589049
589185
589457
589523
589551
589567
589633
589649
589661
589719
589730
589752
589811
590004
590081
590159
590167
590222
590635
590711
590770
591008
591226
591403
591435
591503
591620
591664
591687
591753
591767
591889
592021
592249
592428
592721
592746
592793
592861
592889
593075
593096
593102
593113
593229
593256
593332
593435
593546
593586
593656
593661
593768
593815
593948
594035
594098
594394
594469
594488
594549
594584
594629
594887
594980
595069
595111
595157
595227
595242
595481
595503
595716
595909
596219
596223
596245
596314
596329
596386
596418
596544
596622
596783
596794
596952
597229
597284
597288
597414
597467
597514
597806
597858
598002
598005
598071
598289
598310
598408
598619
598680
598731
598751
598794
598878
599028
599076
599092
599153
599394
599570
599610
599613
599819
599848
600038
600177
600246
600328
600331
600518
600595
600761
600848
600898
601010
601059
601200
601347
601522
601548
601651
601742
601793
602423
602583
602650
602756
603092
603143
603152
603326
603394
603423
603665
603821
603949
604054
604101
604111
604120
604129
604158
604453
604763
604831
604860
604976
604981
605148
605231
605322
605473
605535
605597
605602
605604
605636
605711
605820
605871
605878
606115
606135
606294
606344
606474
606512
606518
606575
606650
606832
606907
606964
607004
607124
607183
607205
607279
607335
607388
607474
607478
607618
607718
607831
607836
607892
607917
608035
608308
608461
608936
608990
609087
609176
609277
609668
609703
610017
610049
610147
610203
610259
610310
610313
610408
610696
610702
610736
610741
610769
610872
610978
611032
611243
611511
611512
611599
611746
611808
611907
611950
612088
612090
612094
612104
612217
612244
612377
612418
612551
612736
612937
613121
613370
613913
614015
614250
614530
614642
614648
614706
614753
614802
614941
615064
615083
615199
615237
615331
615384
615526
615565
615581
615651
615833
615892
616013
616073
616078
616113
616260
616372
616383
616497
616537
616721
616770
616934
617042
617142
617158
617297
617490
617531
617566
617736
617819
618039
618502
618778
618868
618975
618993
619368
619381
619460
619591
619591
619634
619783
619922
620096
620100
620119
620224
620333
620346
620498
620558
620560
620608
620664
620690
620700
620708
620788
621010
621129
621320
621601
621614
621659
621667
621675
621802
621867
621876
622144
622204
622244
622496
622670
622816
622954
623146
623163
623234
623249
623366
623558
623630
623651
624098
624114
624142
624149
624313
624416
624416
624760
624900
624971
624999
625035
625078
625315
625354
625384
625456
625731
626162
626234
626281
626361
626535
626574
626585
626862
626881
626991
627029
627243
627274
627279
627330
627634
627649
627804
627842
628053
628148
628611
628652
628739
628929
628941
629044
629141
629437
629489
629549
629624
629683
629684
629797
629964
629978
630101
630133
630213
630283
630300
630342
630401
630450
630495
630506
630530
630748
631089
631203
631235
631353
631517
631583
631712
631877
631884
632039
632220
632523
632551
632584
632616
632646
632772
632942
633078
633284
633373
633391
633429
633672
633726
633858
634023
634051
634123
634175
634203
634218
634325
634338
634389
634393
634461
634535
634540
634606
634689
634691
634779
634915
634949
635046
635235
635259
635493
635855
635911
635936
636104
636164
636404
636526
636641
636691
636735
636759
637304
637370
637576
637578
637601
637945
637998
638197
638285
638306
638423
638460
638471
638493
638594
638602
638785
638809
639241
639294
639399
639543
639674
639753
639809
639825
639914
639918
639956
639972
640016
640083
640114
640133
640182
640211
640248
640332
640424
640639
640652
640754
640761
641031
641230
641247
641367
641595
641701
641815
641880
641991
641993
642276
642390
642429
642525
642619
642718
642763
643344
643500
643601
643608
643644
643677
643789
643793
643825
643938
643956
644093
644140
644398
644579
644641
644704
644724
644833
644902
644955
644991
645014
645065
645211
645413
645828
645966
646007
646333
646359
646400
646428
646756
646756
646921
646954
647241
647256
647282
647377
647479
647509
647718
647757
647851
648067
648245
648291
648299
648422
649089
649162
649242
649345
649412
649425
649494
649523
649733
649738
649811
649926
649933
649934
650289
650410
650455
650509
650522
650865
650912
651016
651029
651044
651106
651123
651165
651342
651355
651596
651661
651926
651982
652221
652485
652550
652764
652914
653028
653032
653120
653177
653181
653423
653442
653575
653607
653761
653847
653949
654014
654071
654097
654215
654279
654284
654327
654434
654483
654615
654693
654791
654916
654962
654991
655088
655141
655228
655681
655693
655715
655804
656052
656057
656133
656155
656238
656437
656515
656568
656753
656834
657007
657090
657105
657200
657298
657372
657410
657942
657973
658008
658297
658320
658385
658434
658466
658468
658500
658520
658596
658606
658692
658844
658977
659033
659131
659166
659225
659291
659424
659433
659490
659546
659833
659889
659893
660052
660072
660116
660209
660351
660685
660728
661176
661550
661858
662000
662077
662086
662108
662160
662217
662286
662343
662348
662388
662460
662487
662532
662632
662694
662710
662824
662831
662875
662884
663012
663089
663161
663199
663202
663257
663322
663564
663642
663696
663787
663807
663812
664168
664426
664677
664696
664746
664818
664888
665124
665192
665341
665342
665504
665602
665709
665726
666081
666145
666270
666383
666388
666652
666667
666712
666783
666824
666831
666877
666943
667025
667052
667053
667135
667181
667296
667428
667525
667625
667655
667678
667787
667810
667918
667951
668105
668130
668135
668163
668403
668430
668632
668634
668645
668668
668678
668690
668774
668873
668998
669043
669167
669191
669196
669384
669410
669411
669503
669673
669682
669772
669878
670123
670311
670424
670501
670543
670735
670783
670791
670859
670862
670892
670932
670935
670953
671153
671154
671377
671457
671516
671517
671559
671647
671765
671839
672087
672096
672140
672262
672312
672572
672618
672813
673108
673202
673255
673255
673299
673355
673504
673554
673743
673779
673809
673924
673986
674141
674145
674224
674336
674942
674950
675013
675226
675226
675260
675446
675541
676083
676112
676207
676358
676376
676541
676700
676841
676936
676971
677000
677164
677236
677275
677364
677439
677559
677585
677655
677763
677866
678312
678366
678476
678683
678712
678731
678937
679016
679047
679241
679435
679559
679763
679821
679832
679971
680024
680325
680417
680554
680614
680710
680742
680904
680975
680986
681127
681133
681184
681204
681247
681250
681462
681614
681647
681864
681913
681931
681982
682059
682112
682260
682414
682430
682719
682879
682893
682965
683087
683191
683449
683633
683755
683871
683977
684018
684114
684163
684314
684376
684402
684472
684513
685108
685339
685364
685850
685879
685981
686063
686081
686155
686196
686267
686292
686397
686405
686553
686595
686628
686715
686874
687041
687391
687429
687473
687504
687539
687549
687553
687597
687695
687711
688024
688075
688100
688100
688120
688207
688270
688344
688378
688384
688459
688637
688675
688851
689019
689067
689194
689412
689497
689606
689757
689906
689970
690153
690202
690342
690464
690519
690657
690862
690893
690905
690908
690939
691182
691243
691294
691427
691428
691484
691489
691548
691582
691612
691633
691661
691778
691910
691919
692010
692147
692241
692717
692971
693051
693053
693061
693143
693273
693372
693392
693546
693570
693632
693677
693971
694098
694106
694118
694175
694200
694224
694334
694400
694410
694418
694465
694661
694682
694709
694715
694873
694914
695424
695713
695816
695971
695972
696080
696211
696220
696651
696788
696807
696921
697063
697165
697212
697403
697580
697634
697662
697673
697723
697820
697849
698311
698565
698679
698683
698880
698941
699007
699020
699195
699340
699423
699438
699444
699487
699576
699837
699953
699975
699981
700164
700173
700196
700239
700300
700427
700474
700495
700601
700614
700836
700931
701129
701222
701395
701462
701520
701540
701581
701595
701608
701716
701731
701816
701904
702041
702061
702076
702078
702148
702190
702243
702250
702423
702541
702728
702790
702796
703215
703261
703354
703359
703490
703620
703974
704017
704270
704291
704311
704448
704465
704550
704787
704979
705272
705325
705355
705539
705546
705695
705853
705932
706182
706198
706205
706392
706490
706572
706630
706937
707076
707144
707301
707491
707495
707514
707609
707609
707860
708072
708073
708470
708484
708550
708559
708737
709019
709026
709030
709071
709103
709193
709247
709293
709358
709566
709832
709897
710304
710481
710507
710630
710648
711137
711160
711237
711262
711337
711359
711683
711735
711874
711935
711991
712187
712267
712273
712277
712305
712359
712523
712730
712832
712928
713051
713157
713277
713445
713452
713476
713505
713534
713857
713927
713951
713961
714035
714077
714139
714408
714454
714519
714772
714783
714817
714831
714966
715090
715187
715193
715289
715451
715510
715516
715738
715749
715912
715920
716109
716193
716247
716662
716745
716887
716897
716915
716919
717037
717055
717095
717121
717249
717841
717873
717902
717925
718001
718080
718394
718583
718631
718719
719460
719508
719568
719729
719779
719818
720057
720060
720067
720364
720368
720408
720461
720528
720582
720622
720635
720711
720827
721032
721114
721254
721619
721840
721937
721959
721982
722025
722049
722286
722371
722520
722532
722575
722595
722607
722638
723027
723079
723085
723176
723216
723221
723341
723554
723918
723995
724009
724259
724529
724554
724573
724797
724880
724953
725009
725353
725491
725577
725777
725780
726211
726240
726443
726629
726703
726874
726916
726971
727072
727272
727363
727375
727510
727538
727539
727783
727890
727945
728010
728096
728132
728139
728144
728380
728518
728645
728655
728664
728752
728775
728813
729418
729689
729747
729785
729821
729892
729957
730000
730002
730059
730102
730202
730362
730437
730508
730809
730844
730902
730950
731154
731270
731296
731414
731628
731689
732073
732173
732192
732318
732634
732669
732760
732880
732967
732991
733009
733063
733175
733449
733667
733838
733844
733954
734036
734349
734442
734481
734818
734822
734992
735405
735495
735587
735623
735971
735988
736144
736162
736175
736180
736279
736293
736430
736492
736532
736567
736661
736768
736772
736786
736825
736904
736969
737030
737190
737221
737345
737399
737569
737757
737768
737812
737825
738270
738283
738308
738441
738507
738517
738644
738700
738722
738763
738882
739057
739093
739139
739225
739309
739351
739412
739452
739839
739907
740014
740046
740069
740296
740435
740518
740621
740702
740776
740947
741050
741135
741229
741338
741458
741601
741798
741940
741977
742010
742239
742303
742476
742569
742718
742806
742854
742949
743041
743267
743287
743453
743644
743666
743770
743788
743793
743865
743895
744023
744030
744465
744564
744572
744766
744799
744822
744867
745004
745084
745288
745369
745535
745620
745701
745868
746115
746331
746363
746434
746594
746606
746701
746768
746813
746879
746955
747120
747145
747380
747497
747675
747761
747801
748011
748084
748090
748152
748197
748259
748319
748503
748536
748783
748911
749106
749445
749507
749534
749560
749566
749605
749813
749828
749879
749911
749968
750022
750040
750062
750076
750119
750154
750183
750452
750747
751008
751214
751216
751470
751543
751624
751734
751736
751899
751943
751974
752095
752112
752150
752267
752308
752404
752598
752694
752808
752832
752949
753068
753215
753240
753292
753399
753630
753984
754144
754238
754276
754357
754590
754654
754700
755024
755175
755190
755332
755418
755526
755628
755683
755716
755785
755956
756196
756241
756532
756586
756703
756705
756970
756973
757004
757057
757303
757412
757452
757482
757730
757814
758093
758116
758171
758193
758272
758312
758430
758580
758710
758743
758835
758877
758934
758977
759038
759150
759158
759265
759298
759445
759558
759602
759619
759633
759709
759788
759789
759932
760062
760079
760112
760131
760201
760284
760319
760332
760346
760356
760425
760501
760542
760652
760748
761003
761047
761426
761528
761826
761842
761851
761986
761988
761998
762008
762153
762153
762166
762168
762197
762243
762256
762464
762521
762595
762683
762726
762821
763046
763165
763227
763236
763245
763359
763537
763614
763685
763694
763703
763760
763779
763865
764136
764371
764423
764440
764476
764499
764515
764615
764752
764838
764882
765098
765101
765326
765470
765482
765504
765637
765804
765950
766080
766122
766137
766192
766443
766595
766813
766989
766989
767006
767099
767296
767423
767562
767923
767942
768223
768290
768377
768421
768427
768644
768679
768750
769055
769257
769268
769389
769480
769642
769787
769943
770247
770358
770360
770381
770399
770419
770579
770597
770757
771032
771086
771131
771149
771175
771175
771363
771428
771550
771915
772057
772091
772199
772329
772503
772651
772874
772885
772933
773004
773122
773154
773238
773375
773543
773974
774220
774266
774315
774373
774455
774558
774656
774743
774762
774871
775006
775039
775207
775275
775709
775851
775916
775975
776082
776201
776737
776973
777058
777129
777145
777325
777408
777425
777533
777607
777642
777834
777997
778060
778216
778239
778265
778417
778532
778620
778657
778770
778907
778970
779112
779138
779309
779331
779435
779512
779558
779740
779801
779849
779852
779989
780052
780232
780345
780569
780636
780735
780918
780926
780927
781138
781321
781471
781567
781943
781998
782109
782254
782291
782496
782509
782628
782692
782716
782835
782864
782895
783090
783108
783264
783290
783310
783369
783384
783436
783483
783503
783632
783707
784135
784163
784308
784378
784437
784447
784451
784586
784674
785034
785077
785207
785261
785440
785676
786017
786059
786070
786099
786353
786379
786403
786649
786689
786761
786852
786857
786880
787043
787057
787062
787096
787107
787198
787327
787694
787832
787882
788103
788206
788323
788323
788480
788644
788710
788761
788816
789105
789222
789255
789512
789665
789757
789967
790151
790368
790558
790564
790598
790605
790674
790735
790759
790798
790867
790923
791047
791153
791254
791256
791448
791463
791474
791517
791527
791615
791692
791807
791872
791882
791891
792011
792015
792150
792295
792316
792435
792609
792657
792709
792760
792761
793798
793819
793889
793933
794244
794303
794312
794326
794389
794418
794565
794686
794691
794720
794731
794874
794879
795024
795067
795143
795556
795576
795616
795675
795917
795978
796134
796240
796282
796428
796657
796985
797031
797098
797221
797232
797364
797486
797507
797559
797559
797565
797624
797844
798029
798041
798173
798202
798326
798377
798387
798430
798432
798590
798610
798638
798749
798812
798946
799253
799326
799383
799563
799721
799754
799785
799870
799937
799995
800227
800241
800350
800531
800640
800740
800741
800939
801141
801208
801610
801700
801794
801899
801905
801949
802051
802087
802125
802194
802462
802464
802469
802547
802598
802821
802839
802935
802960
803090
803236
803266
803293
803354
803460
803654
803690
803759
803769
803839
804066
804132
804152
804427
804449
804471
804528
804548
804644
804742
804770
804776
804934
805008
805014
805172
805227
805471
805501
805720
805745
805800
805885
805900
805908
805966
806281
806294
806313
806323
806382
806439
806713
806950
806994
807600
807613
807661
807760
807844
807871
808345
808385
808551
808562
808612
808634
808646
808801
808810
808967
808981
809142
809259
809404
809406
809798
810094
810175
810737
810743
810751
810859
810969
811067
811082
811340
811396
811435
811518
811528
811558
811626
811886
811897
811982
812032
812042
812119
812166
812173
812204
812335
812585
812587
812705
812725
812737
812829
812834
812867
812914
813080
813182
813197
813517
813562
813579
813767
813785
813815
813903
814023
814156
814163
814322
814485
814623
814653
814787
814888
814969
815013
815053
815216
815351
815361
815396
815591
815654
815704
815721
815770
815867
816031
816152
816257
816360
816380
816444
816664
816682
816807
816825
816939
816997
817102
817128
817364
817693
817767
817911
817966
817985
818163
818196
818210
818301
818322
818454
818581
818646
818730
818840
818905
818945
819016
819049
819196
819289
819366
819437
819485
819548
819760
819863
819916
820009
820032
820110
820177
820264
820370
820546
820562
820670
820692
820735
820779
820861
820899
820918
820976
821102
821176
821190
821410
821577
821849
822041
822093
822203
822265
822332
822455
822722
822928
823128
823294
823379
823544
823617
824130
824142
824343
824346
824420
824654
824859
824937
825018
825059
825192
825281
825352
825445
825738
825862
826017
826078
826090
826242
826265
826267
826666
826749
826975
826997
827042
827316
827548
827562
827581
827595
827658
827757
827943
827957
828099
828135
828195
828432
828471
828678
828805
828942
829134
829153
829182
829372
829447
829508
829650
829873
830029
830183
830536
830592
830760
830779
830826
830907
831029
831097
831426
831673
831884
831977
832034
832048
832078
832240
832306
832345
832613
832638
833074
833100
833104
833375
833397
833458
833492
833584
833665
833847
833862
833886
833965
834135
834246
834268
834839
834871
834981
835032
835188
835253
835270
835463
835523
835568
835599
835604
835618
835638
835802
835884
835898
835943
836296
836318
836370
836371
836505
836538
836591
836654
836766
836927
836951
836963
836981
836994
837058
837186
837295
837587
837619
837633
837640
837742
837783
837794
837877
837884
838046
838171
838247
838531
838556
838728
838872
838926
838994
839028
839313
839462
839490
839496
839524
839612
839626
839776
839833
839907
839951
839958
840060
840241
840554
840687
841009
841117
841143
841176
841186
841249
841255
841331
841394
841490
841535
841538
841578
841580
841640
841992
842003
842120
842438
842471
842581
842750
842821
842892
843016
843235
843278
843303
843450
843460
843491
843555
843753
843762
843922
843975
843979
843983
844018
844130
844359
844678
844793
844878
844996
845051
845217
845275
845309
845513
845531
845588
845634
845711
845741
845818
845931
846250
846384
846448
846571
846623
846644
846866
846921
846942
847302
847366
847527
847551
847552
847572
847838
847908
848022
848064
848246
848344
848442
848457
848616
848853
848915
848926
848949
848995
849042
849141
849321
849596
849611
849656
849812
849925
850102
850315
850399
850564
850571
850641
850643
850664
850877
850945
850975
851000
851146
851237
851626
851715
851723
851879
852133
852250
852301
852352
852398
852500
852555
852601
852620
852729
853030
853342
853363
853539
853573
853583
853583
853693
853758
853975
854097
854147
854268
854328
854465
854524
854606
854945
854948
854952
855274
855351
855488
855494
855741
855860
855914
856141
856142
856192
856199
856248
856319
856331
856347
856371
856444
856484
856553
856597
856856
856859
856999
857807
858088
858093
858166
858318
858353
858381
858396
858412
858514
858521
858643
858674
858674
858817
858847
859032
859100
859110
859181
859277
859465
859624
859689
859752
859785
859927
860080
860135
860476
860485
860519
860651
860868
860972
861276
861317
861370
861526
861587
861723
861770
861982
862057
862093
862098
862165
862349
862413
862444
862588
862840
863001
863280
863283
863407
863450
863461
863464
863470
863602
863652
863694
863695
863806
863885
863896
863903
863916
863926
864025
864258
864286
864287
864411
864486
864619
864812
864839
864877
865044
865310
865345
865406
865415
865433
865473
865576
865584
865615
865645
865728
865845
866004
866134
866144
866177
866322
866525
866693
866706
866754
866831
866834
866915
866955
867054
867109
867179
867493
867559
867561
867824
867843
867856
867951
867959
867975
867998
868107
868251
868299
868535
868536
868671
868694
868850
868919
868976
869265
869390
869454
869481
869488
869650
869922
869930
869985
870032
870040
870088
870260
870497
870528
870587
870636
870668
870765
870806
870878
870944
871013
871045
871047
871155
871178
871339
871378
871415
871441
871570
871571
871631
871644
871722
871741
871753
871886
872116
872438
872600
872608
872934
872998
873126
873272
873442
873458
873492
873493
873535
873537
873734
873795
873838
873852
873869
874005
874033
874095
874143
874227
874254
874376
874440
874447
874481
874702
874834
875148
875419
875593
875959
876202
876642
876708
876722
876881
876881
877057
877242
877266
877461
877573
877588
877739
877813
877962
878104
878201
878241
878278
878474
878556
878563
878583
878729
878774
878995
879008
879100
879176
879349
879356
879395
879436
879588
879611
879643
879655
879656
879753
879809
879835
879987
880047
880633
880889
881015
881075
881114
881506
881713
881889
881962
882085
882094
882109
882143
882623
882812
882926
882999
883002
883128
883255
883279
883312
883494
883610
883625
883628
883682
883684
883725
883768
883775
883859
883890
883900
883900
883965
884012
884384
884521
884605
884653
884686
885075
885078
885120
885162
885245
885260
885269
885322
885383
885453
885647
885819
886016
886043
886307
886448
886505
886563
886801
886809
887119
887137
887344
887555
888003
888067
888096
888141
888291
888408
888503
888508
888542
888608
888878
889081
889304
889446
889472
889491
889496
889498
889520
889593
889650
889918
889989
890097
890101
890136
890190
890357
890385
890402
890511
890646
890732
890782
890911
890941
891002
891021
891093
891134
891374
891448
891474
891651
891844
891907
891931
891949
892144
892147
892171
892185
892584
892714
892804
892917
892924
892925
893019
893244
893281
893380
893409
893423
893535
893689
893916
893990
894038
894374
894631
894704
894720
894950
894980
895188
895202
895278
895326
895682
895911
896022
896154
896216
896227
896291
896301
896396
896410
896447
896494
896608
896633
896749
896856
896907
896927
897077
897380
897393
897431
897596
897641
897649
897958
898175
898312
898320
898396
898446
898462
898496
898647
898730
898799
898838
899066
899251
899420
899483
899587
899707
899893
899984
900033
900163
900529
900609
900683
900864
900910
901141
901198
901410
901584
901596
901608
901651
901660
901841
901855
902004
902010
902080
902123
902304
902341
902350
902448
902487
902585
902950
902974
902998
903054
903098
903404
903413
903626
903644
903651
903666
903784
903815
903975
904307
904519
904612
904647
904954
904960
904996
905102
905375
905424
905448
905535
905775
905803
906187
906394
906550
906662
906711
906732
906825
906989
907028
907527
907573
907658
907673
907752
907846
907894
907913
908077
908145
908193
908219
908381
908452
908511
908590
908649
908758
908817
908821
908850
909118
909360
909434
909468
909533
909615
909626
909632
909810
909862
909970
909988
910022
910054
910063
910083
910155
910195
910436
910477
910607
910663
910689
910817
910968
911174
911239
911277
911319
911326
911356
911482
911613
911618
911656
911673
911771
911985
912085
912262
912277
912545
912590
912599
912625
912675
912802
913050
913095
913261
913263
913280
913465
913469
913543
913664
913809
913850
913939
913971
914173
914200
914223
914263
914286
914304
914327
914582
914682
914706
914851
915011
915087
915114
915210
915379
915424
915638
915673
915712
915863
915928
916046
916155
916270
916296
916318
916324
916444
916450
916539
916806
916812
917095
917175
917195
917238
917268
917507
917635
917641
917694
917712
917875
917910
918203
918337
918588
918634
918673
918750
918772
918845
918871
918892
918932
919184
919234
919290
919319
919486
919730
919774
919882
919962
919998
920150
920186
920227
920373
920385
920455
920496
920594
920716
920887
920951
921015
921161
921186
921357
921610
921689
921704
921824
921930
921936
922051
922252
922273
922410
922443
922483
922625
923134
923651
923682
923721
923795
923859
923992
924001
924005
924015
924040
924082
924172
924184
924186
924302
924455
924459
924710
924719
924729
924907
925064
925084
925100
925112
925170
925177
925361
925419
925463
925483
925887
925903
926635
926719
926761
926799
926811
926901
926908
926918
927090
927202
927457
927540
927598
927657
927682
927738
927829
927849
928200
928396
928436
928504
928523
928569
928594
928605
928825
928994
929002
929058
929126
929165
929333
929367
929403
929423
929474
929543
929553
929643
929666
929758
929781
929823
929839
929874
929944
930052
930067
930087
930220
930238
930356
930546
930831
930924
931180
931228
931258
931261
931328
931388
931391
931509
931653
931657
931884
931962
932037
932054
932113
932159
932163
932200
932246
932248
932294
932334
932533
932648
932742
932749
932959
933140
933325
933393
933405
933406
933427
933474
933538
933789
933851
933926
933958
933989
934195
934302
934670
934683
934866
934966
935088
935135
935255
935349
935401
935413
935516
935601
935798
935880
936097
936308
936347
936385
936588
936659
936883
937211
937344
937387
937457
937650
937682
937689
937762
937766
937844
937845
937915
938187
938191
938270
938605
938943
939116
939161
939231
939356
939453
939525
939652
940258
940290
940583
940726
940853
940933
941067
941129
941493
941500
941544
941564
941572
941594
941664
941724
941852
942122
942235
942248
942338
942403
942810
943049
943164
943190
943269
943332
943384
943446
943631
943728
944067
944069
944076
944281
944307
944640
944679
945060
945167
945174
945196
945503
945592
945649
945656
945757
945871
946055
946095
946139
946166
946317
946334
946342
946369
946583
946669
946805
946872
946927
946968
947025
947054
947061
947095
947173
947214
947235
947254
947331
947388
947447
947504
947507
947553
947580
947582
947766
947774
948080
948091
948100
948158
948213
948348
948358
948504
948582
948635
948756
948770
949001
949013
949098
949134
949491
949569
949581
949710
949860
949878
949955
949992
950013
950068
950127
950154
950204
950285
950302
950351
950429
950687
950724
950754
950920
951154
951156
951299
951426
951513
951628
951676
951771
951873
952064
952086
952287
952559
952597
952691
952857
953213
953235
953301
953323
953326
953575
953761
953925
953938
953947
953958
954091
954296
954350
954472
954575
954598
954661
954678
954679
954701
955610
955656
955786
955961
956082
956095
956112
956379
956460
956513
956696
956771
956795
957242
957375
957428
957431
957538
957844
957869
957968
957993
958050
958113
958199
958210
958226
958276
958350
958379
958467
958545
958560
958842
958919
959158
959174
959186
959191
959310
959523
959815
959892
960008
960074
960120
960202
960217
960305
960528
960618
960724
960767
960822
961029
961428
961556
961736
961836
962301
962345
962970
962973
963008
963192
963359
963504
963665
963867
964045
964057
964060
964098
964371
964441
964524
964544
964819
964868
964953
965020
965158
965204
965260
965274
966031
966095
966160
966184
966253
966254
966306
966352
966442
966694
966709
966765
966806
967010
967229
967318
967353
967414
967710
967723
967766
967794
967873
968057
968472
968530
968544
968637
968638
968903
968951
968992
969046
969380
969396
969501
969647
969649
969667
969680
969770
969789
969830
969841
969934
970032
970040
970171
970215
970245
970261
970275
970346
970362
970386
970510
970517
970689
970888
970973
971002
971132
971281
971480
971686
971729
971730
971931
972179
972313
972419
972690
972702
972707
972768
972852
972929
972930
972991
973004
973039
973105
973213
973227
973351
973366
973407
973444
973528
973542
973709
973884
973909
973926
974030
974135
974170
974176
974410
974511
974547
974656
974721
974897
974930
975041
975091
975136
975417
975591
975606
975903
975930
975943
975996
976297
976407
976445
976471
976489
976556
976632
976813
976876
976933
976955
976979
977023
977056
977076
977106
977204
977333
977425
977462
977564
977781
978080
978157
978238
978518
978760
978782
979250
979353
979395
979515
979639
979650
979841
979938
980086
980136
980163
980179
980195
980303
980366
980565
980656
980904
980937
980974
981089
981103
981232
981369
981475
981510
981556
981699
981742
981896
982078
982251
982295
982341
982398
982448
982603
982622
982749
982878
982938
983111
983173
983346
983488
983546
983622
983739
983977
984096
984115
984135
984285
984328
984367
984532
984550
984589
984600
984721
984823
984832
985055
985216
985240
985359
985432
985447
985457
985745
985766
985827
985929
986478
986501
986545
986743
986767
986770
986783
986795
986879
987103
987502
987530
987709
987757
987807
988041
988061
988303
988303
988438
988575
988601
988977
989053
989152
989204
989303
989311
989389
989412
989432
989488
989774
989820
990022
990116
990387
990504
990631
990727
990751
990810
990843
990883
991001
991095
991110
991187
991222
991298
991372
991423
991535
991641
991985
991993
992028
992094
992095
992175
992225
992274
992376
992616
992780
992982
993130
993210
993550
993558
993707
993748
993800
993884
994042
994188
994255
994349
994662
994690
994756
994783
994877
994947
994977
995051
995243
995287
995408
995417
995591
995623
995635
995758
995765
995769
995776
995849
996086
996188
996542
996887
997067
997123
997204
997590
997882
997919
998144
998278
998495
998566
998589
998645
998668
998746
998799
998839
998986
999106
999108
999153
999396
999481
999535
999551
999656
999753
999767
999803
999866
