581
1210
2365
2529
2603
3092
3188
7226
7459
7799
8729
8933
9901
10122
10338
11887
11952
12385
13735
14755
17600
18052
19019
19286
22536
22742
22932
24379
25758
25848
27237
28755
29971
31080
31151
32130
35128
37218
38827
39105
39653
39907
40151
40175
41040
42797
44047
44431
45888
46749
47296
47817
48338
48395
49169
49384
52385
53414
54845
55779
56640
57775
61586
62800
63019
63403
65407
65641
66182
66428
66773
68241
68409
70383
72122
72128
72701
77351
78309
78460
78890
79488
80669
82620
83355
84392
85681
85982
87252
90102
90240
91045
93196
93280
94174
96231
97487
97642
98825
99689
100736
101571
101744
106121
107957
109350
110345
112672
113371
115391
115402
115450
118058
120557
121679
123428
124973
125702
126218
126738
130320
131149
131414
133862
134805
135468
136007
136052
136180
136246
136344
136408
139053
141084
141517
141587
142214
142650
143248
143498
143593
143739
143951
144050
144409
145712
146215
147911
148914
150440
153675
155950
156147
157802
158904
159369
160402
161192
163588
164719
164798
164999
165168
165555
167986
168101
168524
169550
169988
170452
172077
172244
174083
174258
174896
175286
177680
177727
181163
181978
182679
182697
183030
183298
184220
185352
187532
188538
189138
189817
191590
192789
196290
196547
199063
199355
199493
199903
200138
200170
200653
201442
202151
203350
203464
204061
204438
204541
206726
207937
209469
211621
211725
211898
212239
212871
214038
214552
214811
214952
215336
215854
220746
222517
222584
222834
225401
225555
226177
226745
227549
228023
228575
228698
229225
229465
232929
233627
235211
235848
236060
236505
236702
237058
238543
238619
238979
240072
240922
242949
243223
243676
243846
245286
245631
246438
246865
247436
250292
251847
252861
253088
253287
254231
254466
255129
255712
259334
259810
260377
262292
262297
266739
269457
269832
271732
271812
271991
273211
275032
275184
275901
276021
276896
278335
280157
282694
282769
284333
285570
286783
288033
288786
289008
289290
290086
291390
292732
293317
293794
297583
297900
298475
298540
300329
301546
302467
303136
303695
303788
305230
306562
308738
309054
309236
310446
310572
311074
311584
311739
311911
312587
313486
313880
314030
314222
314668
314882
315210
317358
317552
318752
319243
321353
323067
323095
323246
323253
323870
324144
324575
325206
326336
327714
329165
331949
333069
333394
335913
336885
339481
339894
340368
341600
342761
342820
343074
346084
347629
348623
348764
348993
349379
349737
354067
354726
355252
355968
355976
356735
361039
361238
361638
361808
363862
363883
365173
368034
368359
368676
368679
369177
372849
373852
376449
376605
379335
379770
380285
380715
381867
382483
384320
386263
386889
394319
396559
397443
398231
398941
399460
400578
400638
400771
402412
404146
404657
405246
405871
406695
407250
407427
410657
411519
412991
414119
416319
417558
418766
420138
420232
421331
424713
424721
426059
426773
429204
429620
432929
435594
436576
437855
438203
438720
438816
439821
440753
441395
442542
442741
443576
443713
446985
447513
448040
449043
449096
449270
450720
451430
451470
452616
453615
454093
454139
454628
457533
457587
462175
465001
465379
465556
466190
467196
467574
468069
469200
469236
469249
469459
469598
469853
470193
471064
473753
474477
476735
477147
477228
478273
479144
480353
480841
483075
483959
484750
485984
486636
489812
499768
502146
502323
502509
506340
506632
507340
508220
508599
510027
512059
512134
512216
512846
513225
515141
515571
516531
517531
518569
518588
518754
519459
519711
519943
520632
521655
522395
522931
522951
522991
523207
525220
525783
528832
529050
531192
531256
531839
531957
532300
533088
534928
537263
539296
540350
541001
543164
544407
544804
546152
546790
548666
549740
550582
550692
550840
551390
553142
554399
555015
557344
557669
558620
558795
559419
560071
560814
560898
561073
562355
563798
563936
566596
568160
568781
569008
569217
570121
570121
570965
572642
573212
573388
575523
576045
576753
578169
578276
578325
578810
578828
579119
579970
580276
580828
581141
581667
581963
586089
586647
587104
587642
587742
588852
589645
589772
593096
594333
595707
597291
598671
599876
600445
604459
605132
606067
606790
606821
606970
608759
611172
612150
615461
616825
616829
618729
620779
622290
624240
626078
626498
627708
628848
628970
629059
630534
630846
630977
631251
631601
631697
633762
634302
635081
635190
635539
635945
636009
636393
636823
637330
640505
641203
642976
643348
645301
647278
647409
649074
649453
652572
653043
653588
653736
653747
654059
655016
657709
657831
657944
660007
660259
660271
661660
662931
663240
665592
665686
666141
666305
669464
670423
671225
672435
672773
676000
677991
678362
678413
679152
679165
679492
680538
681768
686157
687020
689729
690769
691818
692374
692662
692740
693727
695592
696591
697171
698412
698786
699063
700905
701178
701235
702026
702782
703762
705049
705389
708554
712272
712437
712857
712939
713904
713916
714583
714721
715297
716233
716457
717065
718836
720473
720582
721079
721342
722390
722821
722870
724879
728396
729803
730862
732811
733935
736562
737366
737469
737518
738027
740121
740237
741343
741918
742025
744592
745173
745765
746771
747364
748257
749943
751412
752354
752444
752706
752898
752971
754360
754397
755621
755743
755842
756109
756936
757864
758554
758562
759428
760139
760775
761204
761882
764029
764134
764308
765058
765082
765467
766890
767086
767192
767810
769243
769949
770151
771274
771517
772101
772626
772639
772714
773290
774089
774151
774223
776471
776895
777134
778103
778779
779438
779971
780253
782702
783254
785786
786304
787753
790413
791439
791865
794234
795001
796078
796547
796663
798737
800207
800926
801509
804932
806463
806715
807302
808895
810021
810086
810798
810874
811885
812825
814516
815641
817421
818386
818632
819232
820410
820740
824591
826519
828661
838356
838817
840939
841597
841933
842147
843701
843722
844631
845870
846858
846893
851146
851487
853012
853553
854747
855860
859200
859924
860479
865841
866702
867432
867809
869025
870055
871391
872038
872075
874521
875317
877091
877298
878002
878068
878169
879397
879582
879923
880921
880977
882601
883171
883921
884754
885233
886489
886907
890480
890842
891177
892136
892422
892604
892920
893336
893406
893813
893969
894067
894492
896021
899836
900255
900360
900518
902651
904382
904489
908366
909271
909547
910161
910485
911479
911642
911675
912237
913173
914263
914598
914723
916956
917049
919208
919329
922217
922261
922684
925786
926881
927165
930049
931079
932388
932910
932984
933525
933998
935242
936220
937094
937431
937528
940101
940504
941219
941479
942406
942771
943655
944675
947299
948169
951798
952130
955716
956528
956719
957508
958751
959173
959401
960828
963033
963795
964310
965255
966308
966396
966497
966757
968502
968602
971280
972633
972809
973078
974992
976789
978117
978996
979285
981036
983054
983266
986372
986985
988212
988764
991470
993528
993819
994014
995147
997592
998419
